100
30154
9268
23282
37596
23441
32189
454
12385
13814
634
15835
13557
13483
15219
19532
4355
20576
26582
31454
38606
23689
5493
14500
25858
24839
10952
2583
20485
26063
37434
30027
3416
15828
12344
24415
26703
37541
12581
15684
8330
16544
30629
7614
39172
21200
26819
7865
59
902
34027
337
36567
6638
15641
4639
16017
21981
15710
21889
8811
39777
25719
33381
9178
6852
27147
12715
21190
16794
24289
22210
25403
39864
24854
6988
1180
1354
804
18651
25510
17858
36485
24535
28813
16901
35025
22384
15208
9999
297
3077
31857
26127
29275
9789
15440
21900
35982
31726
10024
768
17985
21715
769
24490
1407
21304
28550
32767
10076
29695
27511
2875
34366
7428
34126
36900
35100
29060
10299
2876
18904
14769
39314
29402
34272
20159
29997
12104
25727
5857
15147
11337
6094
37653
20245
24566
34044
12776
17384
1542
31072
18685
32893
10775
34661
38385
17785
6618
6570
12938
5924
31578
9785
8228
33514
28177
33366
26751
31501
16543
27437
35116
33944
19576
6324
7043
15716
15770
31631
30598
12365
2277
20344
9187
13308
7069
30497
9075
24793
32811
36339
13521
3004
11105
35422
31057
16314
34326
4193
9781
33439
529
11916
28574
3828
27629
38029
26331
67
30824
31421
22866
8004
37215
20622
6090
19203
16269
36641
18312
12113
35621
36716
19473
26767
33097
4727
2716
15808
9191
36927
19230
27729
2664
31957
24563
37469
8576
28215
38196
39536
32663
5974
37738
28133
9224
26780
29678
17297
27868
17901
4260
29259
31792
17710
26193
33322
39795
14934
27023
13366
35485
29224
39852
38286
4690
1595
33693
13666
14444
32809
33077
11611
21054
31275
26611
17512
16849
37352
12173
27073
34200
37476
20379
15701
5037
23128
13368
2325
21793
13916
24995
33868
8743
13924
29078
30096
35229
17884
38792
34469
10608
6633
34108
8547
32860
17028
35024
3194

