
I WIN!
distance = 126
A:       0     127
B:       1      21      37      75     126
C:       2      14      42      83     125
D:       3      45      50      94     113
E:       4      22      77     100     123
F:       5      27      49      81      84     110
G:       6      15     118     121
H:       8      11      28      41     119
I:       9      55      56      73      78
J:      10       7      13     117     122
K:      12       9      70      74     101     115     124
L:      16      19      52      88     111
M:      17      47      72      80      86      89     112
N:      18      23      58      82     109
O:      20      29      54      76     107
P:      24      30      57     103
Q:      32      35      44      95     114
R:      33      31     105     106     116
S:      34      39      90      93     120
T:      36      46      53      68      91
U:      40      43      60      87
V:      48      51      79      92     108
W:      64      63      67      69
X:      65      25      62      71      97
Y:      66      26      61      99     102
Z:      68      12      38      59      85      98
