2
12
4  10 10 10  10 10 20  10 20 20  10 20 10
4  20 10 10  20 10 20  20 20 20  20 20 10
4  10 10 10  10 10 20  20 10 20  20 10 10
4  10 20 10  10 20 20  20 20 20  20 20 10
4  10 10 10  10 20 10  20 20 10  20 10 10
5  10 10 20  10 20 20  20 20 20  20 15 20  20 10 20
4  14 14 14  14 14 16  14 16 16  14 16 14
4  16 14 14  16 14 16  16 16 16  16 16 14
4  14 14 14  14 14 16  16 14 16  16 14 14
4  14 16 14  14 16 16  16 16 16  16 16 14
4  14 14 14  14 16 14  16 16 14  16 14 14
4  14 14 16  14 16 16  16 16 16  16 14 16
12
4  20 20 30  20 30 30  30 30 30  30 20 30
4  10 10 10  10 40 10  40 40 10  40 10 10
6  10 10 20  20 10 20  20 30 20  30 30 20  30 40 20  10 40 20
6  20 10 20  20 20 20  30 20 20  30 40 20  40 40 20  40 10 20
4  10 10 10  40 10 10  40 10 20  10 10 20
4  10 40 10  40 40 10  40 40 20  10 40 20
4  20 20 20  30 20 20  30 20 30  20 20 30
4  20 30 20  30 30 20  30 30 30  20 30 30
4  10 10 10  10 40 10  10 40 20  10 10 20
4  40 10 10  40 40 10  40 40 20  40 10 20
4  20 20 20  20 30 20  20 30 30  20 20 30
4  30 20 20  30 30 20  30 30 30  30 20 30
